start_tick,channel_event,midi_note,piano_note,piano_freq,dynamic_note,tick_duration,end_tick
0,note_played,53,33,175,0,0.0,0.0
0,note_played,65,45,349,2,0.0,0.0
0,note_played,72,52,523,2,720.0,720.0
720,note_played,72,52,523,2,720.0,1440.0
1440,note_played,72,52,523,2,480.0,1920.0
1920,note_played,73,53,554,3,720.0,2640.0
2640,note_played,73,53,554,3,720.0,3360.0
3360,note_played,73,53,554,3,480.0,3840.0
3840,note_played,72,52,523,2,720.0,4560.0
4560,note_played,72,52,523,2,720.0,5280.0
5280,note_played,72,52,523,2,480.0,5760.0
5760,note_played,70,50,466,1,720.0,6480.0
6480,note_played,70,50,466,1,720.0,7200.0
7200,note_played,70,50,466,1,480.0,7680.0
7680,note_played,72,52,523,2,720.0,8400.0
8400,note_played,72,52,523,2,720.0,9120.0
9120,note_played,72,52,523,2,480.0,9600.0
9600,note_played,73,53,554,3,720.0,10320.0
10320,note_played,73,53,554,3,720.0,11040.0
11040,note_played,73,53,554,3,480.0,11520.0
11520,note_played,72,52,523,2,720.0,12240.0
12240,note_played,72,52,523,2,720.0,12960.0
12960,note_played,72,52,523,2,480.0,13440.0
13440,note_played,70,50,466,1,720.0,14160.0
14160,note_played,70,50,466,1,720.0,14880.0
14880,note_played,70,50,466,1,480.0,15360.0
16320,note_played,70,50,466,1,240.0,16560.0
16560,note_played,72,52,523,2,240.0,16800.0
16800,note_played,72,52,523,2,480.0,17280.0
17280,note_played,72,52,523,2,240.0,17520.0
17520,note_played,72,52,523,2,240.0,17760.0
17760,note_played,72,52,523,2,480.0,18240.0
18240,note_played,72,52,523,2,240.0,18480.0
18480,note_played,70,50,466,1,240.0,18720.0
18720,note_played,68,48,415,0,240.0,18960.0
18960,note_played,68,48,415,0,1200.0,20160.0
20160,note_played,70,50,466,1,240.0,20400.0
20400,note_played,72,52,523,2,240.0,20640.0
20640,note_played,72,52,523,2,480.0,21120.0
21120,note_played,75,55,622,0,240.0,21360.0
21360,note_played,73,53,554,3,240.0,21600.0
21600,note_played,72,52,523,2,480.0,22080.0
22080,note_played,72,52,523,2,240.0,22320.0
22320,note_played,70,50,466,1,240.0,22560.0
22560,note_played,68,48,415,0,240.0,22800.0
22800,note_played,68,48,415,0,240.0,23040.0
23040,note_played,65,45,349,2,960.0,24000.0
24000,note_played,72,52,523,2,240.0,24240.0
24240,note_played,72,52,523,2,720.0,24960.0
24960,note_played,73,53,554,3,960.0,25920.0
25920,note_played,72,52,523,2,240.0,26160.0
26160,note_played,68,48,415,0,720.0,26880.0
26880,note_played,73,53,554,3,960.0,27840.0
27840,note_played,72,52,523,2,240.0,28080.0
28080,note_played,68,48,415,0,480.0,28560.0
28560,note_played,68,48,415,0,240.0,28800.0
28800,note_played,70,50,466,1,960.0,29760.0
29760,note_played,72,52,523,2,240.0,30000.0
30000,note_played,70,50,466,1,720.0,30720.0
30720,note_played,65,45,349,2,960.0,31680.0
31680,note_played,70,50,466,1,240.0,31920.0
31920,note_played,72,52,523,2,240.0,32160.0
32160,note_played,72,52,523,2,480.0,32640.0
32640,note_played,72,52,523,2,480.0,33120.0
33120,note_played,72,52,523,2,480.0,33600.0
33600,note_played,72,52,523,2,240.0,33840.0
33840,note_played,70,50,466,1,240.0,34080.0
34080,note_played,68,48,415,0,240.0,34320.0
34320,note_played,68,48,415,0,1200.0,35520.0
35520,note_played,70,50,466,1,240.0,35760.0
35760,note_played,72,52,523,2,240.0,36000.0
36000,note_played,72,52,523,2,480.0,36480.0
36480,note_played,75,55,622,0,240.0,36720.0
36720,note_played,73,53,554,3,240.0,36960.0
36960,note_played,72,52,523,2,480.0,37440.0
37440,note_played,72,52,523,2,240.0,37680.0
37680,note_played,70,50,466,1,240.0,37920.0
37920,note_played,68,48,415,0,240.0,38160.0
38160,note_played,68,48,415,0,240.0,38400.0
38400,note_played,65,45,349,2,960.0,39360.0
39360,note_played,72,52,523,2,240.0,39600.0
39600,note_played,72,52,523,2,720.0,40320.0
40320,note_played,73,53,554,3,960.0,41280.0
41280,note_played,72,52,523,2,240.0,41520.0
41520,note_played,68,48,415,0,720.0,42240.0
42240,note_played,73,53,554,3,960.0,43200.0
43200,note_played,72,52,523,2,240.0,43440.0
43440,note_played,68,48,415,0,480.0,43920.0
43920,note_played,68,48,415,0,240.0,44160.0
44160,note_played,70,50,466,1,960.0,45120.0
45120,note_played,72,52,523,2,240.0,45360.0
45360,note_played,70,50,466,1,480.0,45840.0
45840,note_played,73,53,554,3,1920.0,47760.0
47760,note_played,65,45,349,2,240.0,48000.0
48000,note_played,77,57,698,1,960.0,48960.0
48960,note_played,75,55,622,0,240.0,49200.0
49200,note_played,73,53,554,3,480.0,49680.0
49680,note_played,72,52,523,2,960.0,50640.0
50640,note_played,70,50,466,1,480.0,51120.0
51120,note_played,68,48,415,0,720.0,51840.0
51840,note_played,67,47,392,3,960.0,52800.0
52800,note_played,65,45,349,2,240.0,53040.0
53040,note_played,63,43,311,1,480.0,53520.0
53520,note_played,65,45,349,2,1920.0,55440.0
55440,note_played,65,45,349,2,240.0,55680.0
55680,note_played,77,57,698,1,960.0,56640.0
56640,note_played,77,57,698,1,240.0,56880.0
56880,note_played,75,55,622,0,240.0,57120.0
57120,note_played,73,53,554,3,240.0,57360.0
57360,note_played,72,52,523,2,1200.0,58560.0
58560,note_played,72,52,523,2,240.0,58800.0
58800,note_played,70,50,466,1,240.0,59040.0
59040,note_played,68,48,415,0,240.0,59280.0
59280,note_played,70,50,466,1,1920.0,61200.0
61200,note_played,72,52,523,2,240.0,61440.0
61440,note_played,75,55,622,0,1440.0,62880.0
62880,note_played,72,52,523,2,240.0,63120.0
63120,note_played,77,57,698,1,1200.0,64320.0
64320,note_played,72,52,523,2,960.0,65280.0
65280,note_played,70,50,466,1,1440.0,66720.0
66720,note_played,68,48,415,0,240.0,66960.0
66960,note_played,72,52,523,2,1200.0,68160.0
68160,note_played,72,52,523,2,240.0,68400.0
68400,note_played,72,52,523,2,720.0,69120.0
69120,note_played,70,50,466,1,480.0,69600.0
69600,note_played,70,50,466,1,480.0,70080.0
70080,note_played,70,50,466,1,480.0,70560.0
70560,note_played,68,48,415,0,240.0,70800.0
70800,note_played,70,50,466,1,240.0,71040.0
71040,note_played,70,50,466,1,960.0,72000.0
72000,note_played,72,52,523,2,240.0,72240.0
72240,note_played,72,52,523,2,720.0,72960.0
72960,note_played,70,50,466,1,480.0,73440.0
73440,note_played,70,50,466,1,480.0,73920.0
73920,note_played,70,50,466,1,480.0,74400.0
74400,note_played,68,48,415,0,240.0,74640.0
74640,note_played,70,50,466,1,240.0,74880.0
74880,note_played,70,50,466,1,960.0,75840.0
75840,note_played,72,52,523,2,240.0,76080.0
76080,note_played,72,52,523,2,720.0,76800.0
76800,note_played,75,55,622,0,1440.0,78240.0
78240,note_played,72,52,523,2,240.0,78480.0
78480,note_played,77,57,698,1,1200.0,79680.0
79680,note_played,72,52,523,2,960.0,80640.0
80640,note_played,70,50,466,1,1440.0,82080.0
82080,note_played,68,48,415,0,240.0,82320.0
82320,note_played,72,52,523,2,1200.0,83520.0
83520,note_played,72,52,523,2,240.0,83760.0
83760,note_played,72,52,523,2,720.0,84480.0
84480,note_played,70,50,466,1,480.0,84960.0
84960,note_played,70,50,466,1,480.0,85440.0
85440,note_played,70,50,466,1,480.0,85920.0
85920,note_played,68,48,415,0,240.0,86160.0
86400,note_played,70,50,466,1,960.0,87360.0
87360,note_played,72,52,523,2,240.0,87600.0
87600,note_played,72,52,523,2,720.0,88320.0
88320,note_played,70,50,466,1,480.0,88800.0
88800,note_played,70,50,466,1,480.0,89280.0
89280,note_played,70,50,466,1,480.0,89760.0
89760,note_played,68,48,415,0,240.0,90000.0
90000,note_played,70,50,466,1,240.0,90240.0
90240,note_played,70,50,466,1,960.0,91200.0
91200,note_played,72,52,523,2,240.0,91440.0
91440,note_played,73,53,554,3,240.0,91680.0
91680,note_played,75,55,622,0,240.0,91920.0
91920,note_played,80,60,831,3,960.0,92880.0
92880,note_played,79,59,784,2,960.0,93840.0
93840,note_played,77,57,698,1,960.0,94800.0
94800,note_played,75,55,622,0,720.0,95520.0
95520,note_played,72,52,523,2,240.0,95760.0
95760,note_played,72,52,523,2,2160.0,97920.0
97920,note_played,70,50,466,1,960.0,98880.0
98880,note_played,72,52,523,2,240.0,99120.0
99120,note_played,73,53,554,3,240.0,99360.0
99360,note_played,75,55,622,0,240.0,99600.0
99600,note_played,80,60,831,3,960.0,100560.0
100560,note_played,79,59,784,2,960.0,101520.0
101520,note_played,77,57,698,1,960.0,102480.0
102480,note_played,75,55,622,0,720.0,103200.0
103200,note_played,72,52,523,2,240.0,103440.0
103440,note_played,72,52,523,2,1680.0,105120.0
105120,note_played,72,52,523,2,240.0,105360.0
105360,note_played,70,50,466,1,2160.0,107520.0
